Initial joint vector: [ 2.3562,-0.7854, 1.5708, 2.0944,-0.7854, 1.5708] 

Initial SE(3) end-effector config:
 [[-0.183  -0.017  -0.983  -0.5488]
 [ 0.183  -0.983  -0.017   0.3126]
 [-0.9659 -0.183   0.183   0.2191]
 [ 0.      0.      0.      1.    ]]


Iteration 1 :

Joint vector: [ 2.635 ,-0.5074, 1.3352, 2.1242, 0.5063, 1.7594]

SE(3) end-effector config:
 [[ 0.023   0.9997 -0.0079 -0.5946]
 [ 0.0912 -0.01   -0.9958  0.1232]
 [-0.9956  0.0222 -0.0914  0.0927]
 [ 0.      0.      0.      1.    ]]

Error twist V_b: [-0.0089 -0.0914 -0.0226 -0.0073  0.0948  0.0225]

Angular error magnitude: 0.0946

Linear error magnitude: 0.0977


Iteration 2 :

Joint vector: [ 2.5944,-0.6917, 1.7918, 2.0544, 0.5378, 1.556 ]

SE(3) end-effector config:
 [[-0.0039  0.9999 -0.0094 -0.4899]
 [-0.0066 -0.0094 -0.9999  0.0884]
 [-1.     -0.0038  0.0066  0.1063]
 [ 0.      0.      0.      1.    ]]

Error twist V_b: [-0.0094  0.0066  0.0038  0.0062 -0.0102 -0.0116]

Angular error magnitude: 0.0121

Linear error magnitude: 0.0166


Iteration 3 :

Joint vector: [ 2.5858,-0.6622, 1.7403, 2.0631, 0.5557, 1.5712]

SE(3) end-effector config:
 [[ 1.000e-04  1.000e+00 -1.000e-04 -4.997e-01]
 [ 2.000e-04 -1.000e-04 -1.000e+00  1.000e-01]
 [-1.000e+00  1.000e-04 -2.000e-04  9.990e-02]
 [ 0.000e+00  0.000e+00  0.000e+00  1.000e+00]] 

Error twist V_b: [-0.0001 -0.0002 -0.0001 -0.0001 -0.0003  0.    ]

Angular error magnitude: 0.0002

Linear error magnitude: 0.0003


Iteration 4 :

Joint vector: [ 2.5862,-0.6621, 1.7396, 2.064 , 0.5554, 1.5708]

SE(3) end-effector config:
 [[ 0.   1.  -0.  -0.5]
 [ 0.  -0.  -1.   0.1]
 [-1.   0.  -0.   0.1]
 [ 0.   0.   0.   1. ]]

Error twist V_b: [-0. -0. -0.  0. -0. -0.]

Angular error magnitude: 0.0

Linear error magnitude: 0.0

Success: True
Final joint vectors: [ 2.5862,-0.6621, 1.7396, 2.064 , 0.5554, 1.5708]